0 0.09044662117958069 0.5216530561447144 0.03969273716211319 0.1551530659198761
0 0.8655160665512085 0.525299608707428 0.05645332485437393 0.18322958052158356
0 0.7522985339164734 0.5254843831062317 0.05462303012609482 0.17185716331005096
0 0.39503833651542664 0.5251208543777466 0.03526703640818596 0.15858151018619537
0 0.6594125628471375 0.5434701442718506 0.017486954107880592 0.08698510378599167
0 0.5935800075531006 0.535699188709259 0.030457114800810814 0.12003908306360245
0 0.3388255536556244 0.5368983745574951 0.02359037473797798 0.09217851608991623
0 0.4315195083618164 0.5236763954162598 0.029130171984434128 0.15546567738056183
0 0.7611655592918396 0.5260106325149536 0.03709755092859268 0.1726413369178772
0 0.3116268217563629 0.558776319026947 0.010719108395278454 0.04960717260837555
