0 0.07894948124885559 0.5197768211364746 0.036921560764312744 0.15768183767795563
0 0.6513065099716187 0.5453469753265381 0.019007300958037376 0.0858263373374939
0 0.858040452003479 0.5242279171943665 0.051912687718868256 0.19061855971813202
0 0.5896804928779602 0.5327514410018921 0.03436317294836044 0.12537841498851776
0 0.42870253324508667 0.521561861038208 0.027585601434111595 0.15966403484344482
0 0.3316844403743744 0.5378216505050659 0.021013736724853516 0.0947858989238739
0 0.3926721513271332 0.5250663757324219 0.042131584137678146 0.16092237830162048
0 0.7521288394927979 0.5180121660232544 0.0512884147465229 0.16139797866344452
0 0.3060472905635834 0.5570897459983826 0.012174097821116447 0.04735548049211502
0 0.9902946352958679 0.5525858402252197 0.018813705071806908 0.15423905849456787
0 0.9936107397079468 0.5516577959060669 0.011838912963867188 0.16109271347522736
