0 0.9148967862129211 0.5040857195854187 0.08352184295654297 0.2572271227836609
0 0.3418012857437134 0.5212410092353821 0.040227700024843216 0.17068657279014587
0 0.019906233996152878 0.5157700181007385 0.039812467992305756 0.1721196472644806
0 0.7140007019042969 0.5315365195274353 0.02685477025806904 0.1301320344209671
0 0.8319298028945923 0.5034118890762329 0.049258042126894 0.20805677771568298
0 0.41523855924606323 0.5147815942764282 0.038897354155778885 0.1684812754392624
0 0.294268935918808 0.5367905497550964 0.023534202948212624 0.09143134206533432
0 0.7490957379341125 0.5137888193130493 0.04621238633990288 0.17382778227329254
0 0.5994556546211243 0.5297619700431824 0.04144725948572159 0.1301729828119278
0 0.258272647857666 0.5569065809249878 0.01155166607350111 0.046163659542798996
0 0.5987789034843445 0.5537131428718567 0.04145221784710884 0.09005805104970932
