0 0.33619174361228943 0.5212157368659973 0.0375119224190712 0.1724473387002945
0 0.9053861498832703 0.5076234936714172 0.0843730941414833 0.25579220056533813
0 0.41567185521125793 0.5170512795448303 0.03571663051843643 0.1714557260274887
0 0.8258329629898071 0.5057229399681091 0.049474336206912994 0.21599771082401276
0 0.7081570029258728 0.5293409824371338 0.028378676623106003 0.12808707356452942
0 0.2894514501094818 0.5361965298652649 0.023847008123993874 0.09538562595844269
0 0.015771767124533653 0.513839066028595 0.031543534249067307 0.17404325306415558
0 0.7538548707962036 0.5145367383956909 0.03971392288804054 0.18330465257167816
0 0.6016001105308533 0.5259929299354553 0.04371369630098343 0.12665151059627533
0 0.2513311803340912 0.5561838746070862 0.01267929095774889 0.04718424379825592
0 0.6022931337356567 0.5044716000556946 0.042524147778749466 0.08427073061466217
