0 0.9006365537643433 0.5081425905227661 0.07841511070728302 0.25860053300857544
0 0.3333437144756317 0.523265540599823 0.0373041145503521 0.17293201386928558
0 0.4144732654094696 0.5192697048187256 0.035129547119140625 0.16252967715263367
0 0.8222126364707947 0.5059370398521423 0.0521240234375 0.21592684090137482
0 0.705249547958374 0.530849039554596 0.0263532642275095 0.12931272387504578
0 0.7514218688011169 0.517146110534668 0.04411907121539116 0.1872083842754364
0 0.6008882522583008 0.5261551141738892 0.04671516269445419 0.12551775574684143
0 0.012993410229682922 0.5134293437004089 0.025986820459365845 0.17984017729759216
0 0.28692176938056946 0.5367386341094971 0.023217106238007545 0.09738922119140625
0 0.2478499710559845 0.5575268864631653 0.011823892593383789 0.04830542579293251
