0 0.8897272348403931 0.507847249507904 0.07835998386144638 0.2598854601383209
0 0.41129907965660095 0.5222511887550354 0.034810733050107956 0.16072659194469452
0 0.817193865776062 0.5038449764251709 0.05511646345257759 0.21921268105506897
0 0.3269226849079132 0.5188763737678528 0.03390378877520561 0.17327581346035004
0 0.7516928911209106 0.5180749297142029 0.04584198072552681 0.1908908188343048
0 0.6015424728393555 0.5277708768844604 0.04837646335363388 0.132163405418396
0 0.6993160247802734 0.5309249758720398 0.027249908074736595 0.12767823040485382
0 0.2804955244064331 0.5353400111198425 0.024235567077994347 0.09712269902229309
0 0.24010343849658966 0.55605548620224 0.011686325073242188 0.04695722833275795
0 0.2799309194087982 0.5447083711624146 0.0191497802734375 0.07696719467639923
0 0.006943415384739637 0.495363712310791 0.013692345470190048 0.14484301209449768
0 0.2788724899291992 0.5601105093955994 0.01609945297241211 0.04962938278913498
