0 0.31701019406318665 0.5182457566261292 0.03232164308428764 0.17697855830192566
0 0.8754013776779175 0.502945065498352 0.08387374877929688 0.2748549282550812
0 0.8094627857208252 0.4994456470012665 0.06279411166906357 0.2206803262233734
0 0.6906355619430542 0.5312803983688354 0.030750084668397903 0.12902431190013885
0 0.7525110840797424 0.5144136548042297 0.04641399532556534 0.18898671865463257
0 0.407191663980484 0.52141273021698 0.03232157975435257 0.16056549549102783
0 0.6055949330329895 0.5316215753555298 0.03566182404756546 0.13667331635951996
0 0.2706170082092285 0.5344566106796265 0.021837806329131126 0.09696536511182785
0 0.5799238681793213 0.5452228784561157 0.022039158269762993 0.08777041733264923
0 0.22824892401695251 0.5572087168693542 0.011330795474350452 0.04745059460401535
0 0.9215928316116333 0.5493484735488892 0.013066673651337624 0.0632697194814682
