0 0.3130722939968109 0.5171722173690796 0.03139152377843857 0.18134677410125732
0 0.871285617351532 0.50370192527771 0.08066177368164062 0.2785176634788513
0 0.7510513663291931 0.5125829577445984 0.05232353135943413 0.19255469739437103
0 0.8061531186103821 0.5003464221954346 0.06684722751379013 0.2263754904270172
0 0.6875821352005005 0.5314892530441284 0.03079204633831978 0.12929822504520416
0 0.2676685154438019 0.5348049998283386 0.023530133068561554 0.09719102829694748
0 0.6038638353347778 0.5308713912963867 0.03413187712430954 0.13864251971244812
0 0.5761141180992126 0.5458438396453857 0.023214340209960938 0.0898224413394928
0 0.40569230914115906 0.5197743773460388 0.03512172773480415 0.16545933485031128
0 0.22423014044761658 0.5569897890090942 0.012664318084716797 0.04714898020029068
