0 0.680324137210846 0.5309184789657593 0.02999013289809227 0.12801121175289154
0 0.6059226393699646 0.5298311114311218 0.028458913788199425 0.13721449673175812
0 0.3055580258369446 0.5139837265014648 0.030994033440947533 0.18358397483825684
0 0.8663293719291687 0.5002539157867432 0.07640304416418076 0.2881101071834564
0 0.7488365173339844 0.5103338360786438 0.05832099914550781 0.1944873332977295
0 0.5690796971321106 0.5441396236419678 0.022492026910185814 0.09112633764743805
0 0.4032016694545746 0.51914381980896 0.044747352600097656 0.16255392134189606
0 0.7994297742843628 0.49242010712623596 0.059549711644649506 0.21609537303447723
0 0.2606884837150574 0.5363734364509583 0.023661693558096886 0.09625769406557083
0 0.21667645871639252 0.5576253533363342 0.011699914932250977 0.04717186838388443
0 0.9096009731292725 0.5481784343719482 0.012468528933823109 0.06364508718252182
