0 0.6059808135032654 0.5287920236587524 0.029913902282714844 0.13584795594215393
0 0.8652825951576233 0.4980211555957794 0.07067928463220596 0.28920963406562805
0 0.6773536205291748 0.5300531387329102 0.03158225864171982 0.12939707934856415
0 0.30062389373779297 0.5148836374282837 0.03014526329934597 0.1837693601846695
0 0.5656000971794128 0.5450101494789124 0.020566750317811966 0.0881604254245758
0 0.25704556703567505 0.5344183444976807 0.022372659295797348 0.09807411581277847
0 0.4020673632621765 0.5179399251937866 0.04913587495684624 0.16452981531620026
0 0.7964495420455933 0.49739864468574524 0.06360778957605362 0.22971267998218536
0 0.7491978406906128 0.5210723876953125 0.063720703125 0.17381910979747772
0 0.2130250334739685 0.557029128074646 0.0127547737210989 0.04924836382269859
0 0.905648410320282 0.548780083656311 0.013971710577607155 0.06593125313520432
0 0.9940706491470337 0.5455225706100464 0.011043930426239967 0.09371066838502884
