0 0.8603227734565735 0.4944593608379364 0.065826416015625 0.2965501546859741
0 0.2505553662776947 0.5360618233680725 0.023537063971161842 0.09817352145910263
0 0.293069064617157 0.5130252838134766 0.031302038580179214 0.18631555140018463
0 0.6048988103866577 0.5278006792068481 0.04059600830078125 0.13601480424404144
0 0.39875519275665283 0.5146397948265076 0.05642204359173775 0.16725070774555206
0 0.5602635145187378 0.5438390970230103 0.019557062536478043 0.08793967962265015
0 0.6709953546524048 0.5301439166069031 0.032008424401283264 0.1283687949180603
0 0.7885822057723999 0.4992508590221405 0.06395874172449112 0.22550860047340393
0 0.20453554391860962 0.5575458407402039 0.011251258663833141 0.04615003615617752
0 0.6810585856437683 0.5317069888114929 0.016630936414003372 0.12035426497459412
0 0.7655895352363586 0.5323079824447632 0.10492051392793655 0.14638805389404297
0 0.74500972032547 0.518948495388031 0.06217873841524124 0.1512422412633896
0 0.9900251626968384 0.5372537970542908 0.019353102892637253 0.1045769602060318
