0 0.07446840405464172 0.5182681083679199 0.03614604473114014 0.16159600019454956
0 0.588313102722168 0.5325183272361755 0.03854942321777344 0.12938009202480316
0 0.64775550365448 0.5434415340423584 0.016678620129823685 0.086759552359581
0 0.8546143770217896 0.5224546194076538 0.05225734785199165 0.1911904215812683
0 0.42777737975120544 0.5218560099601746 0.026288604363799095 0.15841132402420044
0 0.7499054074287415 0.5191906094551086 0.052015114575624466 0.16489842534065247
0 0.3866768479347229 0.5257837176322937 0.03873049467802048 0.1609204262495041
0 0.3292325437068939 0.5355456471443176 0.02178058587014675 0.09275105595588684
0 0.9884231686592102 0.5530079007148743 0.022576522082090378 0.15463149547576904
0 0.30135104060173035 0.5566993951797485 0.011838245205581188 0.04642198234796524
0 0.9916992783546448 0.5509254336357117 0.015729522332549095 0.15606579184532166
