0 0.6058050990104675 0.529083788394928 0.04723726958036423 0.13895365595817566
0 0.28826379776000977 0.5157034993171692 0.031688690185546875 0.1909300982952118
0 0.8561651110649109 0.4914303719997406 0.06324310600757599 0.3000858724117279
0 0.5574877262115479 0.5427125096321106 0.021030044183135033 0.0904073640704155
0 0.39835497736930847 0.5135464072227478 0.05671017989516258 0.16764844954013824
0 0.2460174560546875 0.536759078502655 0.021100426092743874 0.0958319753408432
0 0.6658457517623901 0.5310732126235962 0.029701804742217064 0.12716259062290192
0 0.7790418267250061 0.4996030032634735 0.07451038062572479 0.2267584651708603
0 0.8930721282958984 0.5497221946716309 0.0138702392578125 0.06367068737745285
0 0.6799578070640564 0.5185989737510681 0.013017082586884499 0.08502824604511261
0 0.7413585782051086 0.5218513607978821 0.053071148693561554 0.13484564423561096
0 0.9875274896621704 0.5420570969581604 0.024341965094208717 0.0967898890376091
0 0.20100195705890656 0.5571572780609131 0.012170839123427868 0.04522450640797615
