0 0.7747800350189209 0.5017051696777344 0.06096019595861435 0.22929854691028595
0 0.6067821383476257 0.5253673195838928 0.051272202283144 0.13695119321346283
0 0.2381759136915207 0.5358027815818787 0.023926544934511185 0.09733542054891586
0 0.3958863615989685 0.512519121170044 0.0560760498046875 0.17479120194911957
0 0.5498670935630798 0.5428078770637512 0.020110702142119408 0.0862477645277977
0 0.2787012755870819 0.5138193964958191 0.032769300043582916 0.19365036487579346
0 0.8487173318862915 0.48659712076187134 0.062799833714962 0.31560543179512024
0 0.6563656330108643 0.5291658043861389 0.026276906952261925 0.12811008095741272
0 0.9821893572807312 0.5413790941238403 0.03462677076458931 0.09718441218137741
0 0.8846664428710938 0.5492647290229797 0.012629699893295765 0.06124222278594971
0 0.19133281707763672 0.5570590496063232 0.011848879046738148 0.04778990522027016
0 0.4071335792541504 0.5136056542396545 0.03215198591351509 0.17339451611042023
0 0.6719936728477478 0.5290634036064148 0.018096668645739555 0.11293403059244156
0 0.6063451766967773 0.5558319687843323 0.050905607640743256 0.07645014673471451
