0 0.8422773480415344 0.4814459979534149 0.06591987609863281 0.323544442653656
0 0.7708140015602112 0.5035097599029541 0.05984325334429741 0.22496455907821655
0 0.27373695373535156 0.5129973888397217 0.03237514570355415 0.19094984233379364
0 0.23432756960391998 0.5366519689559937 0.021169567480683327 0.09521874040365219
0 0.39471155405044556 0.5151497721672058 0.05549364164471626 0.1769244372844696
0 0.5461414456367493 0.5433753132820129 0.020244408398866653 0.09039696305990219
0 0.652154803276062 0.5312190651893616 0.02577819861471653 0.12841437757015228
0 0.6060904264450073 0.5260505080223083 0.052098654210567474 0.13910908997058868
0 0.9805042147636414 0.541137158870697 0.03763122484087944 0.1003698855638504
0 0.6697803735733032 0.5281791090965271 0.015318234451115131 0.10322028398513794
0 0.1873440444469452 0.5574490427970886 0.012167851440608501 0.04920756071805954
0 0.40451616048812866 0.5158109068870544 0.03478870540857315 0.1742490977048874
0 0.8794376254081726 0.5490137338638306 0.012544631958007812 0.06289299577474594
0 0.6058422923088074 0.5656226873397827 0.051909636706113815 0.0543399378657341
0 0.7238919138908386 0.5229817628860474 0.022494252771139145 0.09818824380636215
