0 0.2636757493019104 0.512238085269928 0.03767042234539986 0.19823896884918213
0 0.22632604837417603 0.5360535979270935 0.023026417940855026 0.09842579811811447
0 0.53891521692276 0.5437060594558716 0.021059291437268257 0.08887295424938202
0 0.8361936807632446 0.4764868915081024 0.0668613463640213 0.33412930369377136
0 0.7575659155845642 0.5059028267860413 0.04893932491540909 0.2149030566215515
0 0.60951828956604 0.527912437915802 0.03779945522546768 0.13164500892162323
0 0.9744912981987 0.5383896231651306 0.03758430480957031 0.10048811137676239
0 0.6446771025657654 0.5295602083206177 0.02676747553050518 0.13200505077838898
0 0.4051334261894226 0.5168179273605347 0.028157711029052734 0.1734544187784195
0 0.6627626419067383 0.5356252193450928 0.018820572644472122 0.11429154872894287
0 0.7779388427734375 0.5093429088592529 0.04716815799474716 0.2100611925125122
0 0.8700668215751648 0.5489551424980164 0.013059234246611595 0.05732099711894989
0 0.17662230134010315 0.5574352145195007 0.012056064791977406 0.04690060019493103
