0 0.2594117820262909 0.5143464803695679 0.03833068162202835 0.19837680459022522
0 0.8324295282363892 0.47352272272109985 0.06859289854764938 0.34055209159851074
0 0.534493625164032 0.5435102581977844 0.01916046068072319 0.08837862312793732
0 0.22163940966129303 0.537823498249054 0.021054506301879883 0.09585893154144287
0 0.6105943322181702 0.5304833054542542 0.033876992762088776 0.13343505561351776
0 0.6400020718574524 0.5311045050621033 0.025409316644072533 0.13035453855991364
0 0.972378134727478 0.5389837026596069 0.04098815843462944 0.09579399973154068
0 0.40381449460983276 0.5172247886657715 0.031968019902706146 0.17457851767539978
0 0.6579901576042175 0.5335795283317566 0.021747080609202385 0.11277533322572708
0 0.7504335045814514 0.5062044262886047 0.04518947750329971 0.2106936126947403
0 0.1725415587425232 0.5587581992149353 0.012484883889555931 0.04839511588215828
0 0.7814511060714722 0.5080188512802124 0.04500121995806694 0.2064058929681778
0 0.7108102440834045 0.5273768901824951 0.023561667650938034 0.10637608170509338
