0 0.8277797698974609 0.46770617365837097 0.06566015630960464 0.34880751371383667
0 0.5272133946418762 0.5448131561279297 0.02042713202536106 0.08955055475234985
0 0.21338696777820587 0.5352737307548523 0.02384033240377903 0.09898003190755844
0 0.24780187010765076 0.5087966322898865 0.0413166843354702 0.20194962620735168
0 0.6081803441047668 0.5308998823165894 0.03168099746108055 0.13172689080238342
0 0.3981747627258301 0.5191001892089844 0.04265441745519638 0.17280197143554688
0 0.6307876706123352 0.5287230610847473 0.026734860613942146 0.13261227309703827
0 0.7399692535400391 0.5085071921348572 0.042459867894649506 0.2074206918478012
0 0.9684708714485168 0.5391645431518555 0.034926414489746094 0.09836256504058838
0 0.6509907841682434 0.5359513759613037 0.02113780938088894 0.10981055349111557
0 0.7740316390991211 0.5089912414550781 0.04052429273724556 0.2144317328929901
0 0.16269709169864655 0.5584662556648254 0.01319212932139635 0.05007459968328476
0 0.7641503810882568 0.5093550086021423 0.06236095353960991 0.21168449521064758
