0 0.7408108115196228 0.5116273164749146 0.054416656494140625 0.2094636708498001
0 0.8264699578285217 0.46514198184013367 0.06272589415311813 0.3523634076118469
0 0.24274644255638123 0.5075888633728027 0.042083740234375 0.20729553699493408
0 0.5226576924324036 0.5422824025154114 0.019217872992157936 0.08719606697559357
0 0.20835119485855103 0.5369676351547241 0.020727824419736862 0.094971664249897
0 0.967555820941925 0.5398156046867371 0.03558387607336044 0.09819997102022171
0 0.39682435989379883 0.5190749168395996 0.04514770582318306 0.17182818055152893
0 0.6274018883705139 0.530306339263916 0.025806616991758347 0.12837979197502136
0 0.6489559412002563 0.5341677069664001 0.02097797393798828 0.11292656511068344
0 0.15719500184059143 0.559058666229248 0.011545801535248756 0.04719848558306694
0 0.6030685305595398 0.5253753662109375 0.031044388189911842 0.12413166463375092
0 0.7740160822868347 0.5076665282249451 0.04243075102567673 0.21272020041942596
0 0.6982161402702332 0.5276934504508972 0.02544759027659893 0.10096311569213867
0 0.6026822924613953 0.5069560408592224 0.030423354357481003 0.08585982024669647
