0 0.8206474184989929 0.46134597063064575 0.06284980475902557 0.3643944263458252
0 0.2320842295885086 0.5057917237281799 0.04452981799840927 0.21241454780101776
0 0.5142389535903931 0.5438982844352722 0.02015104331076145 0.08853844553232193
0 0.3939267098903656 0.5184161067008972 0.050890158861875534 0.17271101474761963
0 0.7281041741371155 0.513373613357544 0.05508365482091904 0.21206144988536835
0 0.9626844525337219 0.5401189923286438 0.035736847668886185 0.0973883718252182
0 0.19843164086341858 0.5366238951683044 0.021048450842499733 0.09692360460758209
0 0.7718400955200195 0.5036421418190002 0.04104766994714737 0.2089722454547882
0 0.6391797661781311 0.5371770262718201 0.027163123711943626 0.10769619047641754
0 0.14622242748737335 0.5597745776176453 0.011785268783569336 0.04698842391371727
0 0.6146126985549927 0.5305847525596619 0.0324973426759243 0.12950430810451508
0 0.5985512137413025 0.5295546650886536 0.034908294677734375 0.13020901381969452
0 0.6880367398262024 0.5280951857566833 0.025396347045898438 0.10198517143726349
0 0.6103541254997253 0.5553023815155029 0.032091520726680756 0.08334638923406601
0 0.5974788665771484 0.5074111819267273 0.033038776367902756 0.08438042551279068
