0 0.7211321592330933 0.511569082736969 0.05367698520421982 0.2144729644060135
0 0.8176982998847961 0.4605034589767456 0.06800536811351776 0.36496177315711975
0 0.3912927508354187 0.5170541405677795 0.05723123624920845 0.17273753881454468
0 0.22620530426502228 0.5048344731330872 0.04850168153643608 0.21383701264858246
0 0.959546685218811 0.538950502872467 0.03277092054486275 0.09749908745288849
0 0.510258674621582 0.5437070727348328 0.017815494909882545 0.08790741115808487
0 0.6024561524391174 0.5293200016021729 0.04465840756893158 0.13859690725803375
0 0.19370785355567932 0.5338987112045288 0.021802568808197975 0.10237550735473633
0 0.6339712142944336 0.5395429730415344 0.027536392211914062 0.10692494362592697
0 0.7678807377815247 0.5074268579483032 0.04637851566076279 0.21394379436969757
0 0.14017485082149506 0.5597719550132751 0.011557419784367085 0.04718413203954697
