0 0.7080276608467102 0.5095967650413513 0.05871238559484482 0.21936306357383728
0 0.21341386437416077 0.5044856071472168 0.04850311204791069 0.22107967734336853
0 0.3882719576358795 0.5156380534172058 0.06187849119305611 0.17549367249011993
0 0.8064315915107727 0.46265047788619995 0.07898063957691193 0.3652152121067047
0 0.5988243222236633 0.5296385884284973 0.041955504566431046 0.1357322633266449
0 0.4998987317085266 0.5473579168319702 0.01796874962747097 0.08855929970741272
0 0.628253161907196 0.5444577932357788 0.02723102644085884 0.11648712307214737
0 0.7658460140228271 0.49201592803001404 0.042946942150592804 0.1778700053691864
0 0.9509782791137695 0.5394698977470398 0.03342781215906143 0.10088670253753662
0 0.1825609803199768 0.534690797328949 0.021583031862974167 0.10414445400238037
0 0.12803848087787628 0.5602083206176758 0.010836934670805931 0.04616834968328476
