0 0.06496640294790268 0.5160095691680908 0.0378299206495285 0.16876110434532166
0 0.6402111053466797 0.5431928634643555 0.018872832879424095 0.0833791121840477
0 0.42641037702560425 0.5227383375167847 0.028039932250976562 0.15460456907749176
0 0.5903691649436951 0.5308507084846497 0.04597034305334091 0.12797436118125916
0 0.7486211061477661 0.5217350125312805 0.039967916905879974 0.16892731189727783
0 0.8493105173110962 0.5192276835441589 0.05070991441607475 0.19370660185813904
0 0.38033097982406616 0.5240787863731384 0.0434117317199707 0.16138805449008942
0 0.3221396207809448 0.5359398126602173 0.02093954011797905 0.09449055790901184
0 0.9834001660346985 0.5002325177192688 0.03268318250775337 0.26084184646606445
0 0.29458460211753845 0.5570974946022034 0.010773181915283203 0.046828318387269974
