0 0.7001972198486328 0.5085890293121338 0.06267547607421875 0.21937406063079834
0 0.3862153887748718 0.5147722959518433 0.06220950931310654 0.17654339969158173
0 0.20647206902503967 0.5034850239753723 0.050812531262636185 0.221357524394989
0 0.8050188422203064 0.4636519253253937 0.07733325660228729 0.3631496727466583
0 0.9474306106567383 0.5380873680114746 0.03276939317584038 0.1015608012676239
0 0.5959833264350891 0.5320396423339844 0.0415164940059185 0.1384938508272171
0 0.4940475523471832 0.5475180149078369 0.01989727094769478 0.09084619581699371
0 0.6234620809555054 0.5454183220863342 0.023879241198301315 0.11544036865234375
0 0.17743808031082153 0.5299034714698792 0.023169580847024918 0.1104515939950943
0 0.7662875056266785 0.5110080242156982 0.03573741763830185 0.21917060017585754
0 0.12249493598937988 0.5597779154777527 0.012057256884872913 0.0462147481739521
