0 0.6869551539421082 0.5055605173110962 0.06193580478429794 0.22473649680614471
0 0.8011481165885925 0.46340715885162354 0.08598003536462784 0.36507001519203186
0 0.19587819278240204 0.5027878284454346 0.051020510494709015 0.22037824988365173
0 0.9381667971611023 0.5387396812438965 0.033800505101680756 0.10092926025390625
0 0.4850408434867859 0.547042727470398 0.020387077704072 0.09361877292394638
0 0.38559824228286743 0.5166870951652527 0.061760805547237396 0.1819588541984558
0 0.5844554901123047 0.5300866961479187 0.02777404710650444 0.13404829800128937
0 0.6172876954078674 0.5409496426582336 0.025740623474121094 0.11369170993566513
0 0.16918586194515228 0.5272656083106995 0.025467872619628906 0.12077854573726654
0 0.7668926119804382 0.5226267576217651 0.028397370129823685 0.24731171131134033
0 0.39585158228874207 0.5176194310188293 0.041402339935302734 0.18136551976203918
0 0.11073777824640274 0.5594984292984009 0.013091516681015491 0.04820438101887703
0 0.16621550917625427 0.5373209714889526 0.019780635833740234 0.09578704833984375
