0 0.7964330315589905 0.468380868434906 0.09584255516529083 0.3632335066795349
0 0.6794987916946411 0.5051056742668152 0.06465384364128113 0.2271445393562317
0 0.9348240494728088 0.5382701754570007 0.031385041773319244 0.10111575573682785
0 0.18919792771339417 0.5055651068687439 0.04935894161462784 0.22362294793128967
0 0.5793783664703369 0.530198335647583 0.025772221386432648 0.13591614365577698
0 0.4796789288520813 0.5451532602310181 0.02223987504839897 0.09000905603170395
0 0.3832848370075226 0.5160468220710754 0.06693925708532333 0.18188457190990448
0 0.6142382025718689 0.5425407290458679 0.022516250610351562 0.11929745227098465
0 0.1631172150373459 0.5292529463768005 0.02633744850754738 0.11573906987905502
0 0.3972117602825165 0.5171712040901184 0.03675995022058487 0.18236948549747467
0 0.5984418392181396 0.5307202339172363 0.024360084906220436 0.13386456668376923
0 0.10449407249689102 0.5604114532470703 0.012286233715713024 0.04706166684627533
0 0.616888701915741 0.5367058515548706 0.01777210272848606 0.10503946989774704
0 0.609371542930603 0.5380966663360596 0.02636394463479519 0.1249254047870636
0 0.3832843005657196 0.5590214729309082 0.06787709891796112 0.08530290424823761
