0 0.7905221581459045 0.47312620282173157 0.11112155765295029 0.3596731126308441
0 0.6603430509567261 0.501207709312439 0.05449485778808594 0.22737906873226166
0 0.178077831864357 0.5045304894447327 0.04913754388689995 0.22362177073955536
0 0.5689416527748108 0.5302200317382812 0.02616901323199272 0.13563178479671478
0 0.47027093172073364 0.5471861958503723 0.025588035583496094 0.09328901767730713
0 0.39749133586883545 0.51612788438797 0.02905190736055374 0.18432582914829254
0 0.15191024541854858 0.5385076403617859 0.024983549490571022 0.09768744558095932
0 0.5969182252883911 0.5352439880371094 0.034647177904844284 0.1323125809431076
0 0.09313452988862991 0.5599032044410706 0.012004232034087181 0.04666731134057045
0 0.6089643836021423 0.5394946336746216 0.019852638244628906 0.12004970759153366
0 0.9268951416015625 0.5384004712104797 0.0346616730093956 0.1011701226234436
0 0.6027554273605347 0.5379880666732788 0.030705515295267105 0.1289595365524292
0 0.5927696228027344 0.5303716063499451 0.02395172044634819 0.12938788533210754
0 0.38213595747947693 0.5142508149147034 0.05835523456335068 0.17538943886756897
