0 0.7756983637809753 0.47704970836639404 0.12090829014778137 0.35664206743240356
0 0.1627555787563324 0.5034388899803162 0.04464087635278702 0.2223004400730133
0 0.5535873770713806 0.5327712297439575 0.027766672894358635 0.13380643725395203
0 0.6347762942314148 0.501563310623169 0.04543342441320419 0.23031531274318695
0 0.5942313075065613 0.533932626247406 0.03225205838680267 0.13840925693511963
0 0.921204149723053 0.5388744473457336 0.03070392645895481 0.10136125236749649
0 0.4568060040473938 0.5468813180923462 0.028047561645507812 0.09127044677734375
0 0.3918166756629944 0.5171380043029785 0.03776391223073006 0.17890557646751404
0 0.13589303195476532 0.5415050387382507 0.021664094179868698 0.09526881575584412
0 0.07581911981105804 0.5627795457839966 0.012963389977812767 0.04723714292049408
