0 0.7698524594306946 0.4770348370075226 0.12026500701904297 0.35772180557250977
0 0.5482948422431946 0.5322517156600952 0.028187496587634087 0.1343993842601776
0 0.15812216699123383 0.5033292770385742 0.04188111796975136 0.22733303904533386
0 0.6280127763748169 0.4942707121372223 0.04351742938160896 0.21870283782482147
0 0.4508839547634125 0.5459491014480591 0.028022194281220436 0.09112972766160965
0 0.3904065489768982 0.5167275667190552 0.045244693756103516 0.1817469298839569
0 0.919298529624939 0.5397888422012329 0.03186073154211044 0.10020463913679123
0 0.5896565914154053 0.5325323939323425 0.03225116804242134 0.13315056264400482
0 0.06952597200870514 0.5624589920043945 0.0124901058152318 0.04577472805976868
0 0.1298842877149582 0.5401333570480347 0.020809689536690712 0.09661051630973816
