0 0.06077824532985687 0.5148671269416809 0.038298700004816055 0.16844631731510162
0 0.9812368154525757 0.5002385377883911 0.03704185411334038 0.2569881081581116
0 0.42473429441452026 0.5221478343009949 0.02923583984375 0.15511539578437805
0 0.3776753544807434 0.5245270133018494 0.04353465884923935 0.16132131218910217
0 0.7467980980873108 0.521195650100708 0.042241860181093216 0.16732734441757202
0 0.6368609070777893 0.5439621806144714 0.01655273512005806 0.08217598497867584
0 0.31938180327415466 0.5357753038406372 0.02127246931195259 0.09284091740846634
0 0.8470195531845093 0.5152077674865723 0.05288124084472656 0.2005702555179596
0 0.5917720794677734 0.5309193134307861 0.04919872432947159 0.12682808935642242
0 0.28990355134010315 0.5564430356025696 0.012273406609892845 0.04600507766008377
0 0.5968801379203796 0.5294641852378845 0.03148498386144638 0.12489137798547745
