0 0.7631101012229919 0.4473436176776886 0.11369800567626953 0.4139758348464966
0 0.08905944228172302 0.4975939691066742 0.05605047568678856 0.24105538427829742
0 0.48873454332351685 0.5330743789672852 0.029253577813506126 0.13390740752220154
0 0.8783626556396484 0.5416117906570435 0.04066581651568413 0.10018536448478699
0 0.5510342717170715 0.5067952275276184 0.04028301313519478 0.21413777768611908
0 0.39917272329330444 0.511231005191803 0.041118524968624115 0.19298875331878662
0 0.40809711813926697 0.5109493732452393 0.024468611925840378 0.1937280148267746
0 0.40790069103240967 0.5426463484764099 0.024741077795624733 0.13160400092601776
0 0.5748464465141296 0.5294809937477112 0.0455169677734375 0.15267494320869446
0 0.3961486220359802 0.4893571734428406 0.03676404803991318 0.1444896012544632
