0 0.7653955817222595 0.44306012988090515 0.10772056877613068 0.42377492785453796
0 0.48373425006866455 0.5336880683898926 0.030469799414277077 0.1383395493030548
0 0.0848279520869255 0.4972972869873047 0.0568203404545784 0.24226057529449463
0 0.8775632381439209 0.5414051413536072 0.03981342166662216 0.09929554909467697
0 0.5448570847511292 0.5053037405014038 0.03697497025132179 0.2122655212879181
0 0.5746333599090576 0.5307765007019043 0.04844093322753906 0.15247251093387604
0 0.4004231095314026 0.5101903676986694 0.03470277786254883 0.191630020737648
0 0.8851907849311829 0.5409853458404541 0.02811736986041069 0.10001322627067566
0 0.7052296996116638 0.5523119568824768 0.013255501165986061 0.056881148368120193
0 0.397071897983551 0.49449869990348816 0.03145688399672508 0.14863057434558868
