0 0.7707809209823608 0.42648082971572876 0.08649196475744247 0.45708873867988586
0 0.06288450211286545 0.4950229227542877 0.06395681947469711 0.2529788613319397
0 0.4616597592830658 0.531777024269104 0.031841374933719635 0.13850900530815125
0 0.5151458978652954 0.5039511919021606 0.04126014560461044 0.21488341689109802
0 0.39561334252357483 0.5101874470710754 0.04366903379559517 0.1956050992012024
0 0.8760826587677002 0.5453495979309082 0.04139595106244087 0.09718407690525055
0 0.6843616366386414 0.5548111200332642 0.012821006588637829 0.06061062216758728
0 0.5429003238677979 0.5440720319747925 0.025201670825481415 0.10527592152357101
0 0.5677482485771179 0.5308540463447571 0.04468809813261032 0.14834171533584595
0 0.5736657381057739 0.5305452942848206 0.0660032257437706 0.14908148348331451
