0 0.4522477388381958 0.5319710969924927 0.030390262603759766 0.1380557268857956
0 0.7715427875518799 0.42709559202194214 0.0826900452375412 0.46498173475265503
0 0.05319083482027054 0.49260395765304565 0.06096339225769043 0.2637786567211151
0 0.5401877164840698 0.5368379950523376 0.03033091314136982 0.12412047386169434
0 0.49926650524139404 0.5035927295684814 0.0440247543156147 0.22447837889194489
0 0.39997953176498413 0.5088865160942078 0.060532473027706146 0.2004101276397705
0 0.6746419072151184 0.5544630885124207 0.014524650759994984 0.06412014365196228
0 0.5722653269767761 0.5328320264816284 0.03636283800005913 0.1440071165561676
0 0.5784622430801392 0.5703098773956299 0.02576160430908203 0.07543826848268509
0 0.5668485760688782 0.5253979563713074 0.02912597730755806 0.1271643489599228
