0 0.05059872195124626 0.5115354061126709 0.04087523743510246 0.17222939431667328
0 0.9652414321899414 0.4974856972694397 0.06861229240894318 0.2602386474609375
0 0.6297436356544495 0.5440531969070435 0.0166168212890625 0.08543430268764496
0 0.3694065511226654 0.5252957344055176 0.04394817352294922 0.1611921191215515
0 0.31326186656951904 0.5354915857315063 0.022594356909394264 0.09382137656211853
0 0.42144539952278137 0.5184713006019592 0.03424014896154404 0.15626153349876404
0 0.743167519569397 0.5206037759780884 0.047160401940345764 0.16527926921844482
0 0.8467462658882141 0.5139042735099792 0.04161834716796875 0.20336970686912537
0 0.5979602336883545 0.5309745669364929 0.026853306218981743 0.12840132415294647
0 0.28333616256713867 0.5570720434188843 0.01082534808665514 0.04627600684762001
0 0.282183974981308 0.5574665069580078 0.014531707391142845 0.05159962922334671
