0 0.04933495447039604 0.49200665950775146 0.06298470497131348 0.26793357729911804
0 0.49363473057746887 0.5037480592727661 0.04562988132238388 0.22837843000888824
0 0.7745561003684998 0.4303686022758484 0.08807544410228729 0.4722740650177002
0 0.40132343769073486 0.5100091695785522 0.06547756493091583 0.1995690017938614
0 0.5398311614990234 0.5368409156799316 0.03470512852072716 0.12040026485919952
0 0.44913044571876526 0.5331618189811707 0.02987232245504856 0.13454343378543854
0 0.6715313196182251 0.5554972290992737 0.014236641116440296 0.06236470490694046
0 0.5831331610679626 0.5708736777305603 0.04081420972943306 0.07600431144237518
0 0.8722234964370728 0.5463184714317322 0.04683838039636612 0.09598320722579956
0 0.5728965997695923 0.5325156450271606 0.03918501362204552 0.1436702311038971
