0 0.7769639492034912 0.4336678981781006 0.09183298796415329 0.4702377915382385
0 0.04269743710756302 0.4886651635169983 0.06205010414123535 0.2656022608280182
0 0.48225870728492737 0.49634355306625366 0.04813575744628906 0.2163979411125183
0 0.5798528790473938 0.5352513790130615 0.051541518419981 0.14370198547840118
0 0.5333935022354126 0.5361271500587463 0.04179283604025841 0.12151946872472763
0 0.4404963552951813 0.5346271395683289 0.030811691656708717 0.14156083762645721
0 0.6646652221679688 0.5541175007820129 0.014526939019560814 0.0597846694290638
0 0.3802958130836487 0.5478983521461487 0.022164631634950638 0.09250166267156601
0 0.39983731508255005 0.501837968826294 0.05988048017024994 0.18483734130859375
0 0.41255950927734375 0.4699876606464386 0.030147934332489967 0.1229083314538002
