0 0.03788821026682854 0.4916263222694397 0.06376510113477707 0.2721432149410248
0 0.7779005765914917 0.43491655588150024 0.10370184481143951 0.46792393922805786
0 0.47706812620162964 0.49179595708847046 0.04777860641479492 0.21482086181640625
0 0.5323309302330017 0.535947322845459 0.044559065252542496 0.12291225790977478
0 0.5793337225914001 0.5345072150230408 0.049789682030677795 0.1427646279335022
0 0.4365866780281067 0.536969006061554 0.028010940179228783 0.14620883762836456
0 0.6609690189361572 0.5553107857704163 0.014738273806869984 0.06485901027917862
0 0.8781640529632568 0.5472894906997681 0.03002605400979519 0.09352196753025055
0 0.37799835205078125 0.547256588935852 0.019977156072854996 0.09089677780866623
0 0.41367149353027344 0.4720059037208557 0.029320526868104935 0.12329988926649094
0 0.40049687027931213 0.5027484893798828 0.06449127197265625 0.18505966663360596
0 0.8715029358863831 0.5459999442100525 0.03825836256146431 0.09257151186466217
