0 0.4650230407714844 0.4910886883735657 0.048166848719120026 0.22343851625919342
0 0.7827598452568054 0.4382891356945038 0.13327071070671082 0.4589543640613556
0 0.03174103423953056 0.490389347076416 0.0609951987862587 0.2739536464214325
0 0.5763128995895386 0.5359699130058289 0.05288715288043022 0.14522451162338257
0 0.37074190378189087 0.5465272665023804 0.02305723913013935 0.09584113210439682
0 0.5323342084884644 0.5368661284446716 0.037108421325683594 0.1238471120595932
0 0.8758266568183899 0.546875 0.02988281287252903 0.09758097678422928
0 0.42391911149024963 0.5099618434906006 0.041831016540527344 0.19767317175865173
0 0.6523587703704834 0.5546905398368835 0.014001274481415749 0.06012912467122078
0 0.42103108763694763 0.49250516295433044 0.03645152971148491 0.1579839587211609
0 0.37865856289863586 0.5471783876419067 0.03779538348317146 0.09433339536190033
0 0.9428632855415344 0.5301510095596313 0.03189697116613388 0.10978884994983673
