0 0.785552978515625 0.4403112530708313 0.14759083092212677 0.4538406431674957
0 0.029497642070055008 0.4920693337917328 0.057048164308071136 0.2748979330062866
0 0.45841261744499207 0.4975563883781433 0.050315000116825104 0.23725566267967224
0 0.36743244528770447 0.5458641052246094 0.02232799492776394 0.09894979745149612
0 0.4217468500137329 0.5074765682220459 0.03352470323443413 0.19128231704235077
0 0.5308599472045898 0.5374311208724976 0.034386444836854935 0.12017472088336945
0 0.5720495581626892 0.5361257791519165 0.05049044266343117 0.14580270648002625
0 0.8721956610679626 0.5455477237701416 0.03493671491742134 0.09902665764093399
0 0.6491550207138062 0.5556384921073914 0.013977622613310814 0.0640072301030159
0 0.572550892829895 0.5696324110031128 0.04828885570168495 0.07838457077741623
