0 0.7873812317848206 0.44458362460136414 0.1791786253452301 0.45799392461776733
0 0.35915979743003845 0.5465222597122192 0.027435779571533203 0.10098102688789368
0 0.025278015062212944 0.49299654364585876 0.05055603012442589 0.27942946553230286
0 0.5267012715339661 0.5373824834823608 0.029262352734804153 0.11523675173521042
0 0.44690507650375366 0.4996262192726135 0.04906473308801651 0.2399192750453949
0 0.8714672327041626 0.5406401753425598 0.025381851941347122 0.09120263159275055
0 0.5649940967559814 0.5347561836242676 0.04711151123046875 0.14627207815647125
0 0.6404733657836914 0.555242121219635 0.013907241635024548 0.06126624345779419
0 0.41930505633354187 0.5107463002204895 0.036630820482969284 0.1896643489599228
0 0.7765392065048218 0.5593354105949402 0.06584682315587997 0.12292734533548355
0 0.49450626969337463 0.5362871885299683 0.027564525604248047 0.10146874189376831
