0 0.7865992784500122 0.44507744908332825 0.18840764462947845 0.4626214802265167
0 0.022872913628816605 0.4892940819263458 0.04574582725763321 0.2771146595478058
0 0.44108304381370544 0.49885061383247375 0.0468507781624794 0.23854759335517883
0 0.3560222089290619 0.5461472272872925 0.029938984662294388 0.10129756480455399
0 0.5257589817047119 0.5364528894424438 0.0277766864746809 0.11673906445503235
0 0.56273353099823 0.534301221370697 0.04363250732421875 0.14821167290210724
0 0.41013166308403015 0.5313417315483093 0.03285064548254013 0.1485588103532791
0 0.636367678642273 0.5565505623817444 0.014192581176757812 0.06775427609682083
0 0.7748616337776184 0.5563586354255676 0.0596403107047081 0.12806956470012665
0 0.8705065250396729 0.539111316204071 0.024494171142578125 0.08894059807062149
0 0.4164985716342926 0.5331608653068542 0.027377795428037643 0.14705488085746765
0 0.5621041059494019 0.5240681171417236 0.029375584796071053 0.12535788118839264
