0 0.7806429266929626 0.44193726778030396 0.18814735114574432 0.46723565459251404
0 0.017917152494192123 0.48605769872665405 0.03583430498838425 0.2828587591648102
0 0.4261062741279602 0.49911215901374817 0.051027487963438034 0.23760299384593964
0 0.348730206489563 0.5452327132225037 0.03122119978070259 0.09920156747102737
0 0.40024420619010925 0.5316261649131775 0.029702473431825638 0.14190459251403809
0 0.5617017149925232 0.5329693555831909 0.04481639713048935 0.15154331922531128
0 0.5225108861923218 0.5363904237747192 0.02794891968369484 0.12861989438533783
0 0.6269317865371704 0.5560263395309448 0.014668592251837254 0.06419457495212555
0 0.48120251297950745 0.5363879203796387 0.02625293657183647 0.10031964629888535
0 0.8689517974853516 0.5391063690185547 0.022694015875458717 0.0930023193359375
