0 0.7775698304176331 0.4405094087123871 0.18446007370948792 0.4713016748428345
0 0.016327908262610435 0.4836965501308441 0.03265581652522087 0.2900644540786743
0 0.4220469295978546 0.49989137053489685 0.053697045892477036 0.23606064915657043
0 0.5205375552177429 0.5338848829269409 0.029354477301239967 0.13137394189834595
0 0.3952158987522125 0.5338693261146545 0.027834320440888405 0.15402035415172577
0 0.5621103644371033 0.5328400135040283 0.04683532565832138 0.15221905708312988
0 0.3453218340873718 0.5456363558769226 0.031575776636600494 0.0986158549785614
0 0.6226648688316345 0.5566408634185791 0.013834253884851933 0.0664476752281189
0 0.34999603033065796 0.544481635093689 0.023479843512177467 0.09990262985229492
0 0.8683503866195679 0.5410651564598083 0.022848892956972122 0.09723968803882599
0 0.477064311504364 0.5360481142997742 0.027899742126464844 0.09984435886144638
