0 0.7727639675140381 0.43721696734428406 0.16617640852928162 0.4782543182373047
0 0.5118809342384338 0.5347814559936523 0.03373756259679794 0.13743020594120026
0 0.5615491271018982 0.5317649245262146 0.05070832744240761 0.15430617332458496
0 0.013116186484694481 0.48058879375457764 0.026232372969388962 0.2974989116191864
0 0.3382703959941864 0.5464361310005188 0.03181876987218857 0.09598744660615921
0 0.38467803597450256 0.5373539924621582 0.027425510808825493 0.15077590942382812
0 0.6136271357536316 0.5561301708221436 0.013972664251923561 0.06462707370519638
0 0.41065776348114014 0.5014760494232178 0.05382890626788139 0.2290182113647461
0 0.554067075252533 0.534025251865387 0.03569914400577545 0.1537022590637207
0 0.4675579071044922 0.536967396736145 0.025478076189756393 0.10153859108686447
0 0.8678790926933289 0.5438401699066162 0.021265029907226562 0.10027652233839035
