0 0.3656521439552307 0.5253633260726929 0.04352245479822159 0.15973559021949768
0 0.04617149755358696 0.5103085041046143 0.041096754372119904 0.16705675423145294
0 0.9594672918319702 0.4991651773452759 0.07950057834386826 0.26288655400276184
0 0.42009028792381287 0.5187691450119019 0.034014225006103516 0.15956316888332367
0 0.7419087886810303 0.5205530524253845 0.04900684207677841 0.16575035452842712
0 0.6256517767906189 0.5443797707557678 0.019870948046445847 0.08229725807905197
0 0.3110245168209076 0.5359976291656494 0.022446632385253906 0.09391496330499649
0 0.5976305603981018 0.5326480269432068 0.027016067877411842 0.13010437786579132
0 0.8452209234237671 0.5137080550193787 0.03815650939941406 0.20462270081043243
0 0.2796381711959839 0.55739825963974 0.012031269259750843 0.04678429663181305
0 0.7293633222579956 0.526333749294281 0.024611663073301315 0.1280546337366104
