0 0.7764794230461121 0.43544793128967285 0.167643740773201 0.48097386956214905
0 0.5084356069564819 0.5348033905029297 0.034560393542051315 0.1355545073747635
0 0.5599673986434937 0.5313836932182312 0.052642822265625 0.15251100063323975
0 0.39964422583580017 0.502918004989624 0.044012293219566345 0.22393187880516052
0 0.011285897344350815 0.4794367551803589 0.02257179468870163 0.2991500496864319
0 0.3795470595359802 0.5393245220184326 0.026935387402772903 0.15401527285575867
0 0.3364259898662567 0.5484288334846497 0.028066635131835938 0.0970441997051239
0 0.4347230792045593 0.503315269947052 0.040384866297245026 0.20749270915985107
0 0.6081421971321106 0.5561177730560303 0.014802741818130016 0.06207303702831268
0 0.868118166923523 0.5440813899040222 0.02325153350830078 0.09959055483341217
0 0.5508162379264832 0.5330935120582581 0.03068389929831028 0.1522805094718933
0 0.7440959811210632 0.5299273729324341 0.10060997307300568 0.2864215075969696
