0 0.5027154684066772 0.5288710594177246 0.041745375841856 0.13280799984931946
0 0.5558584928512573 0.5289325714111328 0.051405683159828186 0.1589236557483673
0 0.4248253405094147 0.5013856887817383 0.0664246529340744 0.2074199765920639
0 0.8132766485214233 0.430452823638916 0.129454106092453 0.492403507232666
0 0.38538023829460144 0.5053757429122925 0.04880037158727646 0.21894413232803345
0 0.7548700571060181 0.5262764692306519 0.09231910854578018 0.28407979011535645
0 0.33056575059890747 0.5499191880226135 0.023710250854492188 0.09734683483839035
0 0.5483531951904297 0.5281225442886353 0.03661324083805084 0.16261732578277588
0 0.5976061224937439 0.5558187961578369 0.011603863909840584 0.06217498704791069
0 0.009831715375185013 0.4811333417892456 0.0195650365203619 0.3053673505783081
0 0.36629512906074524 0.5328466296195984 0.02215433120727539 0.14655622839927673
0 0.8631660342216492 0.544075071811676 0.02817993238568306 0.10365515947341919
0 0.37230628728866577 0.5293357372283936 0.029039382934570312 0.17019014060497284
0 0.5993358492851257 0.5559876561164856 0.01638507843017578 0.06373714655637741
