0 0.49819356203079224 0.5293685793876648 0.04229755327105522 0.13140764832496643
0 0.8010698556900024 0.4281645715236664 0.1694614440202713 0.4971434473991394
0 0.5482165217399597 0.525104820728302 0.044943809509277344 0.16534386575222015
0 0.42239198088645935 0.5008521676063538 0.07761096954345703 0.2060471922159195
0 0.32593074440956116 0.5496885776519775 0.02533550187945366 0.09925536811351776
0 0.5921505093574524 0.5574780702590942 0.011998367495834827 0.06020016223192215
0 0.3774186372756958 0.5049273371696472 0.050331879407167435 0.22716039419174194
0 0.008082759566605091 0.4086972177028656 0.01606684923171997 0.18306949734687805
0 0.005443880800157785 0.416183203458786 0.010840394534170628 0.1818491369485855
0 0.8273334503173828 0.4311944842338562 0.11562544852495193 0.49687516689300537
0 0.7598592042922974 0.5221003890037537 0.0824621170759201 0.28018850088119507
0 0.8583287596702576 0.544263482093811 0.03410205990076065 0.1026485338807106
0 0.5914929509162903 0.5586527585983276 0.0161107387393713 0.06647983193397522
0 0.3595212399959564 0.5375332236289978 0.022401809692382812 0.14291195571422577
0 0.7691486477851868 0.4535885155200958 0.024945449084043503 0.14057336747646332
0 0.8636521100997925 0.5438942313194275 0.030515288934111595 0.10658281296491623
