0 0.8153719305992126 0.42119550704956055 0.1583476960659027 0.5104973316192627
0 0.3170601725578308 0.5484407544136047 0.022997092455625534 0.09801296889781952
0 0.3626047670841217 0.5055088400840759 0.047412969172000885 0.21911245584487915
0 0.49049121141433716 0.528635561466217 0.04505310207605362 0.12457554787397385
0 0.41939836740493774 0.4986743927001953 0.10025739669799805 0.1993095427751541
0 0.5797786712646484 0.5586246252059937 0.012036132626235485 0.06378936767578125
0 0.5332313179969788 0.5692328214645386 0.03978478163480759 0.08042625337839127
0 0.5344562530517578 0.5237302184104919 0.04155060276389122 0.17245161533355713
0 0.7619690299034119 0.516730010509491 0.05663808062672615 0.2810796797275543
0 0.8527162671089172 0.5455299019813538 0.023852920159697533 0.09959513694047928
0 0.9824857711791992 0.5699161887168884 0.010180282406508923 0.03385518491268158
0 0.7692751288414001 0.4660792648792267 0.03347759321331978 0.1763184368610382
0 0.7608568668365479 0.47780829668045044 0.05448799207806587 0.20444850623607635
0 0.3428102433681488 0.5360002517700195 0.01394770946353674 0.13249492645263672
