0 0.03613320365548134 0.5134389996528625 0.042584143579006195 0.17942264676094055
0 0.9418489336967468 0.49813780188560486 0.08715514838695526 0.26094961166381836
0 0.3560660779476166 0.5223140120506287 0.04367418214678764 0.16669701039791107
0 0.41803476214408875 0.5189209580421448 0.036187171936035156 0.15991954505443573
0 0.8394468426704407 0.5070479512214661 0.036855317652225494 0.20973949134349823
0 0.3046455979347229 0.5369424223899841 0.024155139923095703 0.0956522598862648
0 0.7245987057685852 0.5322471261024475 0.02702178992331028 0.13153277337551117
0 0.7418010830879211 0.5156441330909729 0.05094127729535103 0.16183282434940338
0 0.6196522116661072 0.5425995588302612 0.01747945137321949 0.08421766757965088
0 0.5963762402534485 0.5318886041641235 0.032102204859256744 0.1312229335308075
0 0.2726186215877533 0.5570518374443054 0.011552905663847923 0.04661831259727478
0 0.7473896145820618 0.5092242956161499 0.03774528577923775 0.15013699233531952
0 0.6026822328567505 0.5308250188827515 0.04031505435705185 0.1306883692741394
