0 0.8459383845329285 0.4057753384113312 0.11211814731359482 0.5329366326332092
0 0.45768946409225464 0.5356537103652954 0.041795920580625534 0.1457202136516571
0 0.5075634121894836 0.528038501739502 0.053317926824092865 0.1672874242067337
0 0.4139508605003357 0.5055917501449585 0.03307332843542099 0.21267929673194885
0 0.7601773738861084 0.4961395263671875 0.04040813446044922 0.25001662969589233
0 0.28761428594589233 0.4973595440387726 0.043750811368227005 0.24448375403881073
0 0.2887004315853119 0.514641523361206 0.03555307537317276 0.21439802646636963
0 0.4136769473552704 0.48207855224609375 0.028325367718935013 0.16509142518043518
0 0.2817729413509369 0.5215184688568115 0.04944562911987305 0.1938646137714386
0 0.909231960773468 0.5741705894470215 0.009763145819306374 0.03482123464345932
