0 0.3530072867870331 0.521289050579071 0.04117196425795555 0.16676649451255798
0 0.031143279746174812 0.5143082737922668 0.04239875450730324 0.17995478212833405
0 0.9345634579658508 0.4987294375896454 0.08443526923656464 0.2599917948246002
0 0.3012680113315582 0.5366405248641968 0.022240543738007545 0.09559445083141327
0 0.41629141569137573 0.5178044438362122 0.037919044494628906 0.16173502802848816
0 0.8373039364814758 0.5065998435020447 0.03847198560833931 0.2111453264951706
0 0.7437706589698792 0.5117071270942688 0.04685669019818306 0.16234169900417328
0 0.7227381467819214 0.5302184224128723 0.02847442589700222 0.12967045605182648
0 0.5966981053352356 0.5291898846626282 0.031581368297338486 0.125844806432724
0 0.6166830658912659 0.5438209176063538 0.017298126593232155 0.08576524257659912
0 0.2685970962047577 0.5568146109580994 0.011529398150742054 0.0471411794424057
0 0.8044418096542358 0.5435648560523987 0.02945098839700222 0.1386120319366455
