0 0.3452674150466919 0.5210205316543579 0.04008321836590767 0.16688279807567596
0 0.02163955196738243 0.5157197713851929 0.042905207723379135 0.17486266791820526
0 0.9208087921142578 0.5015349388122559 0.08362197875976562 0.25382620096206665
0 0.4148925840854645 0.5138468742370605 0.04245166853070259 0.16916975378990173
0 0.6003599166870117 0.5294904708862305 0.04041748121380806 0.13136713206768036
0 0.8338733911514282 0.5036249756813049 0.0450897216796875 0.20959724485874176
0 0.7162427306175232 0.5314958095550537 0.027237320318818092 0.12913717329502106
0 0.2961869537830353 0.5368360280990601 0.023308658972382545 0.09296434372663498
0 0.7507993578910828 0.5135302543640137 0.038802336901426315 0.1724989116191864
0 0.26109376549720764 0.5573427677154541 0.010444450192153454 0.05156334862112999
0 0.743838369846344 0.5188084840774536 0.05539518967270851 0.16296014189720154
