3 0.6059895833333333 0.5287037037037037 0.029947916666666668 0.13564814814814816
1 0.865234375 0.4979166666666667 0.07057291666666667 0.28935185185185186
0 0.67734375 0.5300925925925926 0.031510416666666666 0.12916666666666668
1 0.3006510416666667 0.5148148148148148 0.030208333333333334 0.1837962962962963
3 0.565625 0.5449074074074074 0.020572916666666666 0.08796296296296297
3 0.25703125 0.5344907407407408 0.022395833333333334 0.09814814814814815
1 0.40208333333333335 0.5180555555555556 0.04921875 0.16435185185185186
3 0.796484375 0.49745370370370373 0.06354166666666666 0.22962962962962963
1 0.74921875 0.5210648148148148 0.06380208333333333 0.1736111111111111
2 0.9055989583333334 0.5488425925925926 0.0140625 0.06574074074074074
3 0.9940104166666667 0.5456018518518518 0.0109375 0.09351851851851851