1 0.8602864583333333 0.49444444444444446 0.06588541666666667 0.2967592592592593
3 0.25052083333333336 0.5361111111111111 0.0234375 0.09814814814814815
1 0.2930989583333333 0.512962962962963 0.03125 0.18611111111111112
3 0.6049479166666667 0.5277777777777778 0.040625 0.1361111111111111
1 0.39869791666666665 0.5145833333333333 0.05651041666666667 0.16712962962962963
3 0.5602864583333333 0.54375 0.01953125 0.08796296296296297
0 0.6709635416666667 0.5300925925925926 0.03203125 0.12824074074074074
3 0.7885416666666667 0.49930555555555556 0.0640625 0.22546296296296298
1 0.6811197916666667 0.531712962962963 0.016666666666666666 0.12037037037037036
1 0.7450520833333333 0.5189814814814815 0.062239583333333334 0.15138888888888888
3 0.9899739583333333 0.5372685185185185 0.019270833333333334 0.10462962962962963
2 0.8980026041666667 0.5424398148148148 0.018229166666666668 0.06018518518518518