3 0.605859375 0.5291666666666667 0.047135416666666666 0.1388888888888889
1 0.28828125 0.5157407407407407 0.03177083333333333 0.19074074074074074
1 0.8561197916666666 0.4914351851851852 0.06328125 0.3
3 0.5575520833333333 0.5428240740740741 0.02109375 0.09027777777777778
1 0.3983072916666667 0.5136574074074074 0.05677083333333333 0.1675925925925926
3 0.24596354166666667 0.5368055555555555 0.02109375 0.09583333333333334
0 0.6658854166666667 0.5310185185185186 0.0296875 0.12731481481481483
3 0.7790364583333333 0.49953703703703706 0.07447916666666667 0.22685185185185186
2 0.8930989583333333 0.5497685185185185 0.013802083333333333 0.06388888888888888
1 0.6799479166666667 0.5185185185185185 0.013020833333333334 0.08518518518518518
1 0.74140625 0.5217592592592593 0.053125 0.13472222222222222
3 0.9875 0.5421296296296296 0.02421875 0.09675925925925925