3 0.7747395833333334 0.5016203703703703 0.0609375 0.22916666666666666
3 0.6076380208333333 0.5254629629629629 0.04956510416666667 0.13703703703703704
3 0.23815104166666667 0.5358796296296297 0.023958333333333335 0.09722222222222222
1 0.3958333333333333 0.5125 0.055989583333333336 0.175
3 0.5498697916666667 0.5428240740740741 0.020052083333333335 0.08611111111111111
1 0.2786458333333333 0.5138888888888888 0.0328125 0.1935185185185185
1 0.8486979166666667 0.48657407407407405 0.06276041666666667 0.31574074074074077
0 0.6563802083333333 0.5291666666666667 0.026302083333333334 0.12824074074074074
0 0.9821614583333333 0.5414351851851852 0.03463541666666667 0.09722222222222222
2 0.8846354166666667 0.5493055555555556 0.0125 0.06111111111111111
1 0.6720052083333333 0.5291666666666667 0.01796875 0.11296296296296296