1 0.8423177083333333 0.48148148148148145 0.06588541666666667 0.3236111111111111
3 0.7708333333333334 0.5034722222222222 0.059895833333333336 0.225
1 0.27369791666666665 0.512962962962963 0.03229166666666667 0.19074074074074074
3 0.234375 0.5365740740740741 0.02109375 0.09537037037037037
1 0.3946614583333333 0.5150462962962963 0.05546875 0.17685185185185184
3 0.54609375 0.5432870370370371 0.0203125 0.09027777777777778
0 0.6522135416666667 0.53125 0.02578125 0.12824074074074074
3 0.6061197916666666 0.5261574074074075 0.052083333333333336 0.1388888888888889
3 0.98046875 0.5412037037037037 0.037760416666666664 0.10046296296296296
1 0.6697916666666667 0.5282407407407408 0.015364583333333333 0.10324074074074074
2 0.8794270833333333 0.549074074074074 0.0125 0.06296296296296296