1 0.259375 0.5143518518518518 0.03828125 0.19814814814814816
1 0.832421875 0.4736111111111111 0.06848958333333334 0.34074074074074073
3 0.5345052083333334 0.5435185185185185 0.019270833333333334 0.08842592592592592
3 0.22161458333333334 0.5377314814814815 0.02109375 0.09583333333333334
3 0.610546875 0.5305555555555556 0.033854166666666664 0.13333333333333333
0 0.6399739583333334 0.5310185185185186 0.025520833333333333 0.13055555555555556
3 0.9723958333333333 0.5388888888888889 0.04088541666666667 0.09583333333333334
1 0.40377604166666664 0.5171296296296296 0.03203125 0.17453703703703705
1 0.6579427083333333 0.5335648148148148 0.021875 0.11296296296296296
3 0.750390625 0.5047083333333333 0.0453125 0.21064814814814814
1 0.7815104166666667 0.5081018518518519 0.04505208333333333 0.2064814814814815
2 0.8645833333333334 0.5470694444444445 0.013888020833333332 0.06944444444444445