1 0.827734375 0.4675925925925926 0.065625 0.3486111111111111
3 0.5272135416666667 0.5449074074074074 0.0203125 0.08935185185185185
3 0.21341145833333333 0.5351851851851852 0.023958333333333335 0.09907407407407408
1 0.24778645833333332 0.5087962962962963 0.04140625 0.20185185185185187
3 0.608203125 0.530787037037037 0.03177083333333333 0.13194444444444445
1 0.39817708333333335 0.5192129629629629 0.042708333333333334 0.1726851851851852
0 0.6307291666666667 0.5287037037037037 0.026822916666666665 0.13240740740740742
3 0.7399739583333333 0.5085648148148149 0.04244791666666667 0.2074074074074074
1 0.9684895833333333 0.5391203703703704 0.034895833333333334 0.09814814814814815
1 0.6510416666666666 0.5358796296296297 0.02109375 0.10972222222222222
1 0.7740885416666666 0.5090277777777777 0.040625 0.21435185185185185
1 0.7641927083333333 0.5092592592592593 0.062239583333333334 0.21157407407407408