3 0.7407552083333333 0.5115740740740741 0.054427083333333334 0.20925925925925926
1 0.8264322916666667 0.4650462962962963 0.06276041666666667 0.3523148148148148
1 0.24270833333333333 0.5076388888888889 0.0421875 0.2074074074074074
3 0.52265625 0.5423611111111111 0.019270833333333334 0.08703703703703704
3 0.20833333333333334 0.5370370370370371 0.020833333333333332 0.09490740740740741
3 0.967578125 0.5398148148148149 0.03567708333333333 0.09814814814814815
1 0.396875 0.5189814814814815 0.04505208333333333 0.17175925925925925
0 0.62734375 0.5303240740740741 0.02578125 0.12824074074074074
1 0.6489583333333333 0.5342592592592592 0.02109375 0.11296296296296296
3 0.603125 0.5254629629629629 0.030989583333333334 0.12407407407407407
1 0.7739583333333333 0.5076388888888889 0.04244791666666667 0.2125
2 0.8485234375 0.5432083333333333 0.018229166666666668 0.06790277777777777