1 0.820703125 0.4613425925925926 0.06276041666666667 0.36435185185185187
1 0.23203125 0.5057870370370371 0.04453125 0.2125
3 0.5141927083333333 0.5439814814814815 0.020052083333333335 0.08842592592592592
1 0.3938802083333333 0.5185185185185185 0.05078125 0.1726851851851852
3 0.728125 0.513425925925926 0.05520833333333333 0.21203703703703702
3 0.9626302083333333 0.5400462962962963 0.03567708333333333 0.09722222222222222
3 0.1984375 0.5365740740740741 0.02109375 0.09675925925925925
1 0.771875 0.5037037037037037 0.04114583333333333 0.20879629629629629
1 0.6391927083333333 0.5372685185185185 0.027083333333333334 0.10787037037037037
0 0.62109375 0.5305555555555556 0.01953125 0.12962962962962962
3 0.5985677083333333 0.5296296296296297 0.034895833333333334 0.1300925925925926