3 0.72109375 0.5115740740740741 0.05364583333333333 0.21435185185185185
1 0.8177083333333334 0.46041666666666664 0.06796875 0.3648148148148148
1 0.3912760416666667 0.5171296296296296 0.057291666666666664 0.1726851851851852
1 0.226171875 0.5048611111111111 0.0484375 0.21388888888888888
3 0.9595052083333333 0.5388888888888889 0.0328125 0.09768518518518518
3 0.5102864583333333 0.54375 0.017708333333333333 0.08796296296296297
3 0.5959635416666667 0.5293981481481481 0.031510416666666666 0.13842592592592592
3 0.19375 0.5337962962962963 0.021875 0.10231481481481482
1 0.633984375 0.5395833333333333 0.027604166666666666 0.10694444444444444
1 0.7678385416666667 0.5074074074074074 0.04635416666666667 0.21388888888888888
0 0.6150182291666667 0.5246898148148148 0.011283854166666666 0.12345833333333334
2 0.8342005208333333 0.5347222222222222 0.010416666666666666 0.04475462962962963