3 0.6869791666666667 0.5055555555555555 0.06197916666666667 0.22453703703703703
1 0.801171875 0.4634259259259259 0.0859375 0.36527777777777776
1 0.19583333333333333 0.5027777777777778 0.051041666666666666 0.22037037037037038
3 0.9381510416666666 0.5386574074074074 0.033854166666666664 0.10092592592592593
3 0.4850260416666667 0.5469907407407407 0.0203125 0.09351851851851851
1 0.385546875 0.5166666666666667 0.06171875 0.18194444444444444
0 0.5819010416666667 0.5308657407407408 0.02265625 0.1327175925925926
1 0.6173177083333333 0.5409722222222222 0.02578125 0.11388888888888889
3 0.16627604166666668 0.5372685185185185 0.019791666666666666 0.09583333333333334
3 0.5998255208333333 0.5331805555555555 0.024304687499999998 0.13734722222222223
2 0.8064244791666667 0.5547824074074074 0.013888020833333332 0.06327314814814815