1 0.796484375 0.46828703703703706 0.09583333333333334 0.36342592592592593
3 0.6795572916666667 0.5050925925925925 0.06458333333333334 0.2273148148148148
3 0.934765625 0.5381944444444444 0.031510416666666666 0.10092592592592593
1 0.18919270833333332 0.5055555555555555 0.049479166666666664 0.22361111111111112
0 0.5794270833333334 0.5300925925925926 0.02578125 0.1361111111111111
3 0.4796875 0.5451388888888888 0.022135416666666668 0.08981481481481482
1 0.38333333333333336 0.5159722222222223 0.06692708333333333 0.18194444444444444
3 0.16315104166666666 0.538425925925926 0.026302083333333334 0.09722222222222222
3 0.5984375 0.530787037037037 0.024479166666666666 0.1337962962962963
1 0.6106770833333334 0.5435972222222223 0.023697916666666666 0.11419907407407406
2 0.8003463541666667 0.5509259259259259 0.012153645833333334 0.06481481481481481