1 0.7861979166666667 0.4734583333333333 0.11744791666666667 0.3592592592592593
0 0.56484375 0.5300925925925926 0.028125 0.13148148148148148
3 0.6514322916666667 0.5002314814814814 0.04895833333333333 0.2310185185185185
3 0.5951822916666667 0.5335648148148148 0.03203125 0.14027777777777778
1 0.17434895833333333 0.5034722222222222 0.052083333333333336 0.22175925925925927
3 0.4647135416666667 0.5453703703703704 0.025520833333333333 0.09398148148148149
1 0.3853723958333333 0.5166666666666667 0.05190885416666667 0.18333333333333332
3 0.14635416666666667 0.538425925925926 0.023177083333333334 0.09675925925925925
3 0.9249140625 0.5416666666666666 0.0321171875 0.10185185185185185
1 0.6102421875 0.5100324074074074 0.017361979166666666 0.06018518518518518
2 0.7842890625 0.5609583333333333 0.011283854166666666 0.047837962962962964