1 0.7631510416666667 0.4474537037037037 0.11380208333333333 0.41388888888888886
1 0.0890625 0.4976851851851852 0.055989583333333336 0.2412037037037037
0 0.488671875 0.5331018518518519 0.029166666666666667 0.1337962962962963
3 0.8783854166666667 0.5416666666666666 0.040625 0.1
3 0.5510416666666667 0.506712962962963 0.040364583333333336 0.21435185185185185
1 0.39921875 0.5113425925925926 0.04114583333333333 0.19305555555555556
1 0.4080729166666667 0.5108796296296296 0.024479166666666666 0.1935185185185185
3 0.40794270833333335 0.5425925925925926 0.024739583333333332 0.13148148148148148
3 0.5748697916666666 0.5293981481481481 0.045572916666666664 0.1527777777777778
1 0.39609375 0.48935185185185187 0.03671875 0.14444444444444443
3 0.0655390625 0.5300925925925926 0.019966145833333334 0.10031018518518518
2 0.7096354166666666 0.5478379629629629 0.016492187499999998 0.06790277777777777