0 0.45221354166666666 0.5319444444444444 0.03046875 0.13796296296296295
1 0.771484375 0.4270833333333333 0.0828125 0.4648148148148148
1 0.05325520833333333 0.4925925925925926 0.0609375 0.2638888888888889
1 0.540234375 0.5368055555555555 0.030208333333333334 0.12407407407407407
3 0.49921875 0.5037037037037037 0.04401041666666667 0.22453703703703703
1 0.4 0.5087962962962963 0.06041666666666667 0.20046296296296295
2 0.674609375 0.5543981481481481 0.014583333333333334 0.06388888888888888
3 0.572265625 0.5328703703703703 0.036458333333333336 0.1439814814814815
3 0.03380989583333334 0.5441342592592592 0.021440104166666665 0.12793055555555555
3 0.387109375 0.5439814814814815 0.01875 0.09336574074074074
3 0.8736979166666666 0.5432083333333333 0.047742187500000005 0.09259259259259259