1 0.04934895833333333 0.49189814814814814 0.06302083333333333 0.26805555555555555
3 0.49361979166666664 0.5037037037037037 0.045572916666666664 0.22824074074074074
1 0.774609375 0.4303240740740741 0.08802083333333334 0.4722222222222222
1 0.40130208333333334 0.5099537037037037 0.06536458333333334 0.19953703703703704
1 0.53984375 0.5368055555555555 0.03463541666666667 0.12037037037037036
0 0.4490885416666667 0.5331018518518519 0.029947916666666668 0.13472222222222222
2 0.671484375 0.5555555555555556 0.014322916666666666 0.0625
3 0.872265625 0.5462962962962963 0.046875 0.09583333333333334
3 0.5729166666666666 0.5324074074074074 0.0390625 0.14351851851851852
3 0.3849817708333333 0.5478379629629629 0.021700520833333334 0.09568055555555555
3 0.028210937499999998 0.5393518518518519 0.025174479166666666 0.11882870370370371