1 0.037890625 0.49166666666666664 0.06380208333333333 0.2722222222222222
1 0.7778645833333333 0.43495370370370373 0.10364583333333334 0.46805555555555556
3 0.47708333333333336 0.49189814814814814 0.04765625 0.21481481481481482
1 0.5322916666666667 0.5358796296296297 0.04453125 0.12268518518518519
3 0.579296875 0.5344907407407408 0.04973958333333333 0.1425925925925926
0 0.43658854166666666 0.5370370370370371 0.028125 0.14629629629629629
2 0.6609375 0.555324074074074 0.01484375 0.06481481481481481
3 0.37799479166666666 0.5472222222222223 0.020052083333333335 0.09074074074074075
1 0.41137239583333335 0.5089490740740741 0.0758671875 0.19444444444444445
3 0.871484375 0.5460648148148148 0.03828125 0.09259259259259259
3 0.015625 0.5331805555555555 0.024304687499999998 0.11882870370370371