3 0.4649739583333333 0.4912037037037037 0.048177083333333336 0.22361111111111112
1 0.7828125 0.43819444444444444 0.13333333333333333 0.4587962962962963
1 0.03177083333333333 0.49027777777777776 0.0609375 0.2740740740740741
3 0.5763020833333333 0.5358796296296297 0.05286458333333333 0.14537037037037037
3 0.370703125 0.5465277777777777 0.023177083333333334 0.09583333333333334
1 0.5322916666666667 0.5368055555555555 0.03697916666666667 0.12407407407407407
3 0.87578125 0.5469907407407407 0.029947916666666668 0.09768518518518518
0 0.43220572916666666 0.5346435185185184 0.025434895833333335 0.14830092592592592
2 0.65234375 0.5546296296296296 0.0140625 0.06018518518518518
1 0.4085078125 0.5111111111111111 0.061632812499999995 0.19490740740740742
3 0.009549479166666668 0.5347222222222222 0.015625 0.11574074074074074