1 0.7764322916666667 0.4354166666666667 0.16770833333333332 0.4810185185185185
1 0.5084635416666666 0.5347222222222222 0.03463541666666667 0.13564814814814816
3 0.5600260416666667 0.5314814814814814 0.05260416666666667 0.15231481481481482
3 0.399609375 0.5030092592592592 0.04401041666666667 0.22407407407407406
1 0.011328125 0.47939814814814813 0.02265625 0.29907407407407405
0 0.3795572916666667 0.5393518518518519 0.026822916666666665 0.15416666666666667
3 0.33645833333333336 0.5483796296296296 0.028125 0.09722222222222222
1 0.434765625 0.5032407407407408 0.040364583333333336 0.2074074074074074
2 0.608203125 0.5560185185185185 0.01484375 0.062037037037037036
3 0.8680989583333333 0.5439814814814815 0.023177083333333334 0.09953703703703703
1 0.7762578125 0.5306342592592593 0.03628385416666667 0.2850324074074074