1 0.502734375 0.5289351851851852 0.041666666666666664 0.13287037037037036
1 0.42486979166666666 0.5013888888888889 0.06640625 0.2074074074074074
1 0.81328125 0.4305555555555556 0.12942708333333333 0.4925925925925926
3 0.3854166666666667 0.5053240740740741 0.04869791666666667 0.21898148148148147
1 0.7548177083333333 0.5263888888888889 0.09244791666666667 0.28425925925925927
3 0.33059895833333336 0.55 0.023697916666666666 0.09722222222222222
3 0.5539505208333334 0.5280092592592592 0.04800260416666667 0.1625
2 0.59765625 0.555787037037037 0.01171875 0.062037037037037036
0 0.36714322916666664 0.5328703703703703 0.020398437499999998 0.14675925925925926
3 0.8631510416666667 0.5439814814814815 0.028125 0.1037037037037037
1 0.008247395833333334 0.477625 0.016492187499999998 0.3101851851851852